GitHub Repo Report — last update: 2026-10-03T07:47:31.431540+00:00

(Argh73, V2Ray-Vault): 0, 0, 0, 0, 0, 0, 0, 20285, 0, 0, 0, 0, 0, 0, 0, 0, 0, 0, 0, 0, 0, 0, 0, 0, 0, 0
(Argh94, V2RayAutoConfig): 0, 0, 0, 0, 0, 0, 0, 0, 0, 2, 0, 0, 0, 0, 4, 0, 0, 0, 0, 0, 0, 0, 0, 0, 0, 0
(Au1rxx, free-vpn-subscriptions): 0, 1, 0, 0, 0, 0, 0, 0, 0, 0, 2, 0, 0, 0, 0, 8, 0, 0, 0, 0, 0, 0, 0, 0, 0, 0
(BlacKSnowDot0, Proxy-Pulse): 0, 0, 0, 0, 0, 0, 0, 0, 0, 0, 0, 0, 0, 0, 0, 0, 0, 0, 0, 0, 0, 0, 3552, 0, 0, 0
(CB-X2-Jun, proxy-lists): 0, 814, 0, 0, 0, 0, 0, 0, 0, 0, 0, 0, 0, 0, 0, 0, 0, 0, 0, 0, 0, 0, 0, 0, 0, 0
(Danialsamadi, v2go): 0, 0, 0, 1, 0, 0, 0, 0, 0, 0, 0, 0, 0, 0, 0, 0, 0, 0, 2, 0, 0, 0, 0, 0, 0, 1
(Dark675sfdsgfxh, xray-reality-setup): 0, 0, 0, 0, 0, 0, 0, 2, 0, 0, 0, 0, 0, 0, 0, 0, 0, 0, 0, 0, 0, 0, 0, 0, 0, 0
(DarkRoyalty, shnajder-vpn-configs): 0, 0, 0, 0, 0, 0, 0, 0, 0, 0, 0, 0, 0, 0, 0, 31185, 0, 0, 0, 0, 0, 0, 0, 0, 0, 0
(ENTERPILOT, GoModel): 0, 0, 0, 0, 0, 0, 0, 0, 0, 0, 0, 0, 0, 5, 0, 0, 0, 0, 0, 0, 0, 0, 0, 0, 0, 0
(Epodonios, v2ray-configs): 0, 0, 0, 0, 0, 0, 142013, 0, 0, 0, 0, 0, 0, 0, 0, 0, 0, 0, 0, 0, 0, 0, 0, 0, 0, 0
(F0rc3Run, F0rc3Run): 0, 0, 0, 0, 0, 0, 0, 7, 0, 0, 0, 0, 0, 0, 0, 0, 0, 0, 0, 0, 0, 0, 0, 0, 0, 0
(FLAT447, v2ray-lists): 0, 0, 0, 0, 0, 10295, 0, 0, 0, 0, 0, 0, 0, 0, 0, 0, 0, 0, 0, 0, 0, 0, 0, 0, 0, 0
(Hidashimora, free-vpn-anti-rkn): 0, 0, 0, 0, 0, 55598, 0, 0, 0, 0, 0, 0, 0, 0, 0, 0, 0, 0, 0, 0, 0, 0, 0, 0, 0, 0
(HikerX, yunfan_subscribe): 0, 0, 0, 0, 0, 0, 0, 0, 0, 0, 15, 0, 0, 0, 0, 0, 0, 0, 0, 0, 0, 0, 0, 0, 0, 0
(KRYYYYYYYYYYYYYYYYYYY, xray-uuid-checker): 0, 0, 0, 0, 0, 0, 0, 27643, 0, 0, 0, 0, 0, 0, 0, 0, 0, 0, 0, 0, 0, 0, 0, 0, 0, 0
(Love-AronaPlana, Automatic-VPN-Aggregation): 0, 2, 0, 0, 0, 0, 0, 0, 0, 0, 0, 0, 0, 0, 0, 0, 0, 0, 0, 0, 0, 0, 0, 0, 0, 0
(MhdiTaheri, V2rayCollector_Py): 0, 0, 0, 293, 0, 0, 0, 0, 0, 0, 0, 0, 0, 0, 0, 0, 0, 0, 0, 0, 0, 0, 0, 0, 0, 0
(Micky203, zenproxy): 0, 6, 0, 0, 0, 0, 0, 0, 0, 0, 0, 0, 0, 0, 0, 0, 0, 0, 0, 0, 0, 0, 0, 0, 0, 0
(Mrnobodysmkn, Auto-proxy): 0, 2, 0, 0, 0, 0, 0, 0, 0, 0, 0, 0, 0, 0, 0, 0, 0, 0, 0, 0, 0, 0, 0, 0, 0, 0
(NiREvil, vless): 523, 0, 0, 0, 0, 0, 0, 0, 0, 0, 0, 0, 0, 0, 0, 0, 0, 0, 0, 0, 0, 0, 0, 0, 0, 0
(R3ZARAHIMI, tg-v2ray-configs-every2h): 0, 6538, 0, 0, 0, 0, 0, 0, 0, 0, 0, 0, 0, 0, 0, 0, 0, 0, 0, 0, 0, 0, 0, 0, 0, 0, 0, 0
(Sabariranil, nashvpn): 0, 0, 0, 44748, 0, 0, 0, 0, 0, 0, 0, 0, 0, 0, 0, 0, 0, 0, 0, 0, 0, 0, 0, 0, 0, 0
(ShatakVPN, ConfigForge-V2Ray): 0, 0, 0, 0, 0, 0, 0, 0, 0, 0, 26571, 0, 0, 0, 0, 0, 0, 0, 0, 0, 0, 0, 0, 0, 0, 0
(SoliSpirit, SolVPN): 1, 0, 0, 0, 0, 0, 0, 0, 0, 0, 0, 0, 0, 0, 0, 0, 0, 0, 0, 0, 0, 0, 0, 0, 0, 0
(SoliSpirit, v2ray-configs): 0, 0, 0, 0, 0, 1, 0, 0, 0, 0, 0, 0, 0, 0, 0, 0, 0, 0, 0, 0, 0, 0, 0, 0, 0, 0
(Surfboardv2ray, Proxy-sorter): 0, 0, 0, 0, 68, 0, 0, 0, 0, 0, 0, 68, 0, 68, 0, 0, 0, 0, 0, 0, 68, 0, 0, 0, 0, 0
(TheCrowCreature, v2rayExtractor): 0, 0, 0, 0, 0, 0, 0, 0, 0, 0, 0, 0, 0, 0, 0, 0, 115678, 0, 0, 0, 0, 0, 0, 0, 0, 0
(Thuongquanggg, Proxy): 0, 0, 0, 0, 0, 0, 0, 0, 0, 0, 0, 0, 0, 0, 0, 1581, 0, 0, 0, 0, 0, 0, 0, 0, 0, 0
(UplandJacob, Upland-HA-Addons): 0, 0, 0, 0, 0, 0, 0, 1, 0, 0, 0, 0, 0, 0, 0, 0, 0, 0, 0, 0, 0, 0, 0, 0, 0, 0
(V2RayRoot, V2RayConfig): 0, 617, 0, 0, 0, 0, 0, 0, 0, 0, 0, 0, 0, 0, 0, 0, 0, 0, 0, 0, 0, 0, 0, 0, 0, 0, 0, 0
(acymz, AutoVPN): 0, 1387, 0, 0, 0, 0, 0, 0, 0, 0, 0, 0, 0, 0, 463, 0, 0, 0, 503, 0, 0, 0, 0, 0, 0, 0
(amuck-tie267, SNI-XHTTP): 0, 1, 0, 0, 0, 0, 0, 0, 0, 0, 0, 0, 0, 0, 0, 0, 0, 0, 0, 0, 0, 0, 0, 0, 0, 0
(arseniy700, MSC-VPN): 0, 0, 0, 0, 0, 1, 0, 0, 0, 0, 0, 0, 0, 0, 0, 0, 0, 0, 0, 0, 0, 0, 0, 0, 0, 0
(barry-far, V2ray-Config): 0, 0, 0, 0, 0, 0, 0, 0, 0, 0, 0, 0, 0, 0, 0, 27513, 0, 0, 0, 0, 0, 0, 0, 0, 0, 0
(bin1site1, V2rayFree): 0, 0, 0, 0, 0, 62, 0, 0, 0, 0, 0, 0, 0, 0, 0, 0, 0, 0, 0, 0, 0, 0, 0, 0, 0, 0
(bk88collab, hiddify-app): 0, 0, 0, 0, 0, 0, 0, 1, 0, 0, 0, 0, 0, 0, 0, 0, 0, 0, 0, 0, 0, 0, 0, 0, 0, 0
(chengaopan, AutoMergePublicNodes): 0, 0, 0, 0, 0, 0, 0, 0, 888, 0, 0, 0, 0, 0, 0, 0, 0, 0, 0, 0, 0, 0, 0, 0, 0, 0
(chiy4728, Vless_crawl): 0, 2, 0, 0, 0, 0, 0, 0, 0, 0, 0, 0, 0, 0, 0, 0, 0, 0, 0, 0, 0, 0, 0, 0, 0, 0
(crackbest, V2ray-Config): 0, 0, 0, 0, 0, 0, 0, 0, 0, 0, 0, 0, 0, 0, 0, 458, 0, 0, 0, 0, 0, 0, 0, 0, 0, 0
(dongchengjie, airport): 0, 0, 0, 0, 35, 0, 0, 0, 0, 0, 0, 0, 0, 0, 0, 0, 0, 0, 0, 0, 0, 0, 0, 0, 0, 0
(dorrin-sot, V2RAY_CONFIGS_POOL-Processor): 0, 0, 0, 0, 0, 97, 0, 0, 0, 0, 0, 4, 0, 0, 0, 0, 0, 0, 0, 0, 0, 11, 0, 0, 0, 0
(elliottophellia, proxylist): 0, 0, 0, 0, 0, 0, 0, 0, 0, 0, 0, 0, 0, 0, 0, 1773, 0, 0, 0, 0, 0, 0, 0, 0, 0, 0
(hamedcode, port-based-v2ray-configs): 217, 0, 0, 0, 0, 0, 0, 0, 363, 0, 0, 0, 0, 0, 0, 0, 261, 0, 0, 0, 142, 0, 0, 0, 0, 0, 0
(hamedp-71, N_sub_cheker): 0, 0, 0, 0, 0, 0, 0, 0, 1, 0, 0, 0, 0, 0, 0, 0, 0, 0, 0, 0, 0, 0, 0, 0, 0, 0
(iplocate, free-proxy-list): 0, 1, 0, 0, 3, 0, 0, 1, 0, 1, 0, 0, 0, 0, 0, 1, 1, 0, 0, 0, 0, 0, 1, 0, 0, 0, 0, 0
(kort0881, vpn-checker-backend): 0, 40768, 0, 0, 0, 0, 0, 0, 0, 0, 0, 0, 0, 0, 0, 0, 0, 0, 0, 0, 0, 0, 0, 0, 0, 0
(kravchenkosaveliy27-crypto, my-vpn): 0, 0, 0, 0, 0, 206, 0, 0, 0, 0, 0, 0, 0, 0, 0, 0, 0, 0, 0, 0, 0, 0, 0, 0, 0, 0
(kringemega, VlessParser): 0, 0, 0, 172, 0, 0, 0, 0, 0, 0, 0, 0, 0, 0, 0, 0, 0, 0, 0, 0, 0, 0, 0, 0, 0, 0
(lanzm, MetaFetch): 0, 0, 674, 0, 0, 0, 0, 0, 0, 0, 0, 0, 0, 0, 0, 0, 0, 0, 0, 0, 0, 0, 0, 0, 0, 0
(lexariley, v2ray): 0, 0, 0, 0, 0, 300, 0, 0, 0, 0, 0, 0, 0, 0, 0, 0, 0, 0, 0, 0, 0, 0, 0, 0, 0, 0
(mehdihoore, TestVpnGateServers): 0, 0, 0, 0, 0, 0, 0, 10160, 0, 0, 0, 0, 0, 0, 0, 0, 0, 0, 0, 0, 0, 0, 0, 0, 0, 0
(mmbateni, armenia_v2ray_checker): 0, 0, 0, 0, 0, 0, 0, 0, 0, 0, 0, 0, 0, 0, 0, 0, 0, 0, 0, 0, 179, 0, 0, 0, 0, 0
(mohamadfg-dev, telegram-v2ray-configs-collector): 0, 0, 0, 0, 0, 0, 0, 0, 0, 0, 0, 0, 0, 0, 1073, 0, 0, 0, 0, 0, 0, 0, 0, 0, 0, 0
(nikita29a, FreeProxyList): 0, 0, 0, 0, 0, 32904, 0, 0, 0, 0, 0, 0, 0, 0, 0, 0, 0, 0, 0, 0, 0, 0, 0, 0, 0, 0
(nodesfree, clashnode): 0, 0, 0, 0, 0, 0, 0, 6, 0, 0, 0, 0, 0, 0, 0, 0, 0, 0, 0, 0, 0, 0, 0, 0, 0, 0
(proxifly, free-proxy-list): 0, 0, 0, 0, 0, 0, 0, 0, 0, 0, 0, 0, 0, 4, 0, 0, 0, 2, 0, 0, 0, 0, 0, 0, 0, 0
(qopq1366, VlessConfig): 0, 0, 0, 924, 0, 0, 0, 0, 0, 0, 0, 0, 0, 0, 0, 0, 0, 0, 0, 0, 0, 0, 0, 0, 0, 0
(r2d4m0, vless-parser): 4004, 0, 0, 0, 0, 0, 0, 0, 0, 0, 0, 0, 0, 0, 0, 0, 0, 0, 0, 0, 0, 0, 0, 0, 0, 0
(sakha1370, OpenRay): 0, 0, 0, 38513, 0, 0, 0, 0, 0, 0, 0, 0, 0, 0, 0, 0, 0, 0, 0, 0, 7569, 0, 0, 0, 0, 0
(sinavm, SVM): 0, 0, 0, 0, 0, 0, 0, 129, 0, 0, 0, 0, 0, 0, 0, 0, 0, 0, 0, 0, 0, 0, 0, 0, 0, 0
(theMavionx, Clash): 0, 3, 0, 0, 0, 0, 0, 0, 0, 0, 0, 0, 0, 0, 0, 0, 0, 0, 0, 0, 0, 0, 0, 0, 0, 0, 0, 0
(tiagorrg, vless-checker): 0, 0, 0, 0, 0, 0, 0, 0, 0, 0, 59, 0, 0, 0, 0, 0, 0, 0, 0, 0, 0, 0, 0, 0, 0, 0
(ts-sf, fly): 0, 0, 0, 0, 0, 0, 0, 0, 0, 0, 0, 0, 5, 0, 0, 0, 0, 0, 0, 0, 0, 0, 0, 0, 0, 0
(twj0, subseek): 0, 0, 0, 0, 23253, 0, 0, 0, 0, 0, 0, 0, 0, 0, 0, 0, 0, 0, 0, 0, 0, 0, 0, 0, 0, 0
(vsvavan2, vpn-config-rkn): 0, 0, 0, 0, 1040, 0, 0, 0, 0, 0, 0, 0, 0, 0, 0, 0, 0, 0, 0, 0, 0, 0, 0, 0, 0, 0
GitHub Repo Report — last update: 0, 0, 0, 0, 0, 0, 0, 0, 0, 0, 0, 0, 0, 0, 0, 0, 0, 0, 0, 0, 0, 0, 0, 0, 0, 0
